
=============================== 处理./dip_all.txt ===============================

+------+----------+--------+-------------+-------------+-----+-------------+-----------+---------+
| Top  | subgragh | degree | eigenvector | information | lac | betweenness | closeness | network |
+------+----------+--------+-------------+-------------+-----+-------------+-----------+---------+
| 100  |    37    |   45   |      37     |      45     |  59 |      43     |     41    |    54   |
| 200  |    77    |   80   |      77     |      80     | 120 |      77     |     78    |   125   |
| 300  |   119    |  116   |     119     |     116     | 175 |     111     |    117    |   182   |
| 400  |   157    |  158   |     157     |     158     | 227 |     144     |    152    |   229   |
| 500  |   191    |  201   |     191     |     201     | 266 |     176     |    189    |   278   |
| 600  |   220    |  252   |     220     |     252     | 306 |     220     |    227    |   309   |
| 700  |   259    |  289   |     259     |     289     | 348 |     247     |    259    |   347   |
| 800  |   292    |  330   |     292     |     330     | 389 |     283     |    291    |   387   |
| 900  |   329    |  372   |     329     |     372     | 431 |     316     |    323    |   424   |
| 1000 |   370    |  404   |     370     |     404     | 463 |     355     |    358    |   458   |
+------+----------+--------+-------------+-------------+-----+-------------+-----------+---------+

=============================== 处理./gavin_all.txt ===============================

+------+----------+--------+-------------+-------------+-----+-------------+-----------+---------+
| Top  | subgragh | degree | eigenvector | information | lac | betweenness | closeness | network |
+------+----------+--------+-------------+-------------+-----+-------------+-----------+---------+
| 100  |    68    |   61   |      68     |      61     |  82 |      54     |     50    |    73   |
| 200  |   120    |  130   |     120     |     130     | 157 |     104     |    100    |   148   |
| 300  |   162    |  194   |     161     |     194     | 218 |     147     |    147    |   209   |
| 400  |   220    |  244   |     217     |     245     | 268 |     193     |    197    |   275   |
| 500  |   271    |  291   |     270     |     290     | 314 |     233     |    241    |   319   |
| 600  |   318    |  340   |     317     |     340     | 355 |     279     |    298    |   358   |
| 700  |   363    |  388   |     361     |     388     | 393 |     327     |    352    |   399   |
| 800  |   403    |  420   |     404     |     420     | 425 |     378     |    394    |   429   |
| 900  |   440    |  461   |     438     |     461     | 457 |     428     |    434    |   461   |
| 1000 |   468    |  500   |     467     |     500     | 484 |     483     |    477    |   486   |
+------+----------+--------+-------------+-------------+-----+-------------+-----------+---------+

=============================== 处理./krogan_all.txt ===============================

+------+----------+--------+-------------+-------------+-----+-------------+-----------+---------+
| Top  | subgragh | degree | eigenvector | information | lac | betweenness | closeness | network |
+------+----------+--------+-------------+-------------+-----+-------------+-----------+---------+
| 100  |    51    |   61   |      49     |      61     |  69 |      46     |     37    |    75   |
| 200  |    90    |  117   |      84     |     117     | 132 |      91     |     75    |   126   |
| 300  |   135    |  167   |     117     |     166     | 177 |     130     |    114    |   177   |
| 400  |   174    |  207   |     149     |     207     | 223 |     158     |    144    |   229   |
| 500  |   213    |  248   |     186     |     248     | 266 |     193     |    182    |   270   |
| 600  |   249    |  289   |     229     |     289     | 297 |     228     |    218    |   306   |
| 700  |   292    |  323   |     262     |     323     | 340 |     263     |    246    |   337   |
| 800  |   325    |  360   |     299     |     360     | 363 |     293     |    282    |   367   |
| 900  |   354    |  382   |     333     |     384     | 394 |     317     |    316    |   396   |
| 1000 |   377    |  417   |     369     |     415     | 421 |     347     |    351    |   424   |
+------+----------+--------+-------------+-------------+-----+-------------+-----------+---------+

=============================== 处理./dip_all.txt ===============================

+------+----------+--------+-------------+-------------+-----+-------------+-----------+---------+
| Top  | subgragh | degree | eigenvector | information | lac | betweenness | closeness | network |
+------+----------+--------+-------------+-------------+-----+-------------+-----------+---------+
| 100  |    37    |   45   |      37     |      45     |  59 |      43     |     41    |    54   |
| 200  |    77    |   80   |      77     |      80     | 120 |      77     |     78    |   125   |
| 300  |   119    |  116   |     119     |     116     | 175 |     111     |    117    |   182   |
| 400  |   157    |  158   |     157     |     158     | 227 |     144     |    152    |   229   |
| 500  |   191    |  201   |     191     |     201     | 266 |     176     |    189    |   278   |
| 600  |   220    |  252   |     220     |     252     | 306 |     220     |    227    |   309   |
| 700  |   259    |  289   |     259     |     289     | 348 |     247     |    259    |   347   |
| 800  |   292    |  330   |     292     |     330     | 389 |     283     |    291    |   387   |
| 900  |   329    |  372   |     329     |     372     | 431 |     316     |    323    |   424   |
| 1000 |   370    |  404   |     370     |     404     | 463 |     355     |    358    |   458   |
+------+----------+--------+-------------+-------------+-----+-------------+-----------+---------+

=============================== 处理./mips_all.txt ===============================

+------+----------+--------+-------------+-------------+-----+-------------+-----------+---------+
| Top  | subgragh | degree | eigenvector | information | lac | betweenness | closeness | network |
+------+----------+--------+-------------+-------------+-----+-------------+-----------+---------+
| 100  |    9     |   21   |      9      |      21     |  23 |      24     |     17    |    25   |
| 200  |    17    |   49   |      17     |      49     |  46 |      53     |     36    |    59   |
| 300  |    28    |   77   |      28     |      77     |  71 |      83     |     53    |    81   |
| 400  |    47    |  106   |      47     |     106     | 101 |     108     |     74    |   111   |
| 500  |    64    |  136   |      64     |     136     | 140 |     142     |     89    |   149   |
| 600  |    84    |  171   |      84     |     171     | 174 |     167     |    100    |   169   |
| 700  |   105    |  194   |     105     |     194     | 205 |     199     |    125    |   214   |
| 800  |   115    |  217   |     115     |     217     | 241 |     218     |    151    |   250   |
| 900  |   139    |  244   |     139     |     247     | 268 |     250     |    173    |   283   |
| 1000 |   167    |  278   |     167     |     278     | 300 |     274     |    196    |   306   |
+------+----------+--------+-------------+-------------+-----+-------------+-----------+---------+
